trans_x	trans_y	trans_z	rot_x	rot_y	rot_z	dvars_std	dvars_nstd	dvars_vstd	framewise_displacement	aqi	aor
0.0	-0.0	0.0	-0.0	0.0	-0.0	n/a	n/a	n/a	n/a	0.0573173	0.0385
0.0008	-0.0314	-0.0331	0.000582939970166106	3.490658503988659e-05	6.108652381980153e-05	1.00314593	57.49191666	0.98847863	0.09924665395128969	0.0575742	0.03802
0.0088	-0.1154	0.0104	0.00035081117965086024	6.806784082777885e-05	-1.9198621771937625e-05	0.89794058	51.46242523	0.9306987	0.15277875959474388	0.0636854	0.045
0.0233	0.0332	0.0278	0.00024260076602721178	5.93411945678072e-05	0.0005480333851262194	0.97898024	56.10693741	0.9527802	0.2147084533390889	0.0551942	0.02944
0.0284	0.0516	0.0442	-3.665191429188092e-05	9.075712110370512e-05	0.000705113017805709	0.74692112	42.80725479	0.83327995	0.06328741197672402	0.0537754	0.02671
0.0243	0.1313	0.0508	0.0007435102613495844	-6.283185307179586e-05	0.0008063421144213803	0.85445547	48.97022247	0.87785273	0.14214901232163188	0.052578	0.02708
0.0293	0.1852	0.0179	0.0007295476273336296	0.0001361356816555577	0.0008866272600131194	0.88669848	50.81812286	0.9074341	0.1064607657167524	0.0477741	0.02064
0.0468	0.0881	-0.0365	-0.000757472895365539	0.0005899212871740833	0.0010978120995044332	0.95029074	54.46269608	0.93712896	0.2765995483854504	0.0433643	0.01568
0.0405	0.0779	-0.0221	-0.0014835298641951804	0.0008988445647770796	0.0012514010736799342	0.85878557	49.2183876	0.90264401	0.09032846103040691	0.0419791	0.01235
0.0693	0.1237	-0.0333	-0.0024923301718479027	0.0016126842288427606	0.0015603243512829306	1.00618958	57.6663475	0.99825808	0.18737816246607	0.0355789	0.00736
0.0558	0.0615	-0.0479	-0.0016842427281745281	0.0016423548261266642	0.0013962634015954637	1.08732307	62.3162384	1.04464625	0.1403909495322372	0.0411471	0.00975
0.0405	0.2473	0.0966	-0.00024609142453120044	0.0012356931104119853	0.001129228026040331	1.33044326	76.24985504	1.14169258	0.45119241974565694	0.0463697	0.01543
0.0367	-0.1336	0.0777	0.00013962634015954637	0.0010419615634406148	0.0013683381335635543	1.76836097	101.34762573	1.4424293	0.4445279709592671	0.062874	0.04196
0.0466	-0.1152	0.1043	-0.0002565634000431664	0.0011728612573401894	0.0014137166941154068	1.00791347	57.76515198	0.9822727	0.08352339973270699	0.0615062	0.04158
0.0578	-0.0445	0.0996	0.00022165681500327985	0.0013648474750595659	0.0017662732030182616	0.93963242	53.85185242	0.93355273	0.13773814708343388	0.0579955	0.03592
0.0645	0.0656	0.1487	-0.0002548180707911721	0.001329940890019679	0.0018814649336498872	0.97714609	56.00181961	0.95452696	0.19722866007329823	0.0535514	0.0281
0.074	0.1277	0.0691	-0.0005131268000863328	0.0016615534478986017	0.001965240737745615	0.95546299	54.75912857	0.94935271	0.18488485456349052	0.0449389	0.01658
0.0746	0.188	-0.0043	-0.0007452555906015787	0.0020664698343612863	0.0021223203704251047	1.00985801	57.87659073	0.98386172	0.174006240482871	0.0374066	0.00817
0.1163	0.3379	-0.0184	-0.0029775317039023265	0.003984586682303054	0.003157300616857742	1.24921989	71.59481049	1.13395812	0.4649686603837576	0.0238237	0.0012
0.1351	0.2573	0.0091	-0.002700024352835228	0.0032498030672134413	0.0027454029133870805	0.87287706	50.02599335	0.89679634	0.19810943348136864	0.0272709	0.00196
0.1629	0.2615	-0.028	-0.0038851029149393774	0.0031363566658338103	0.0026075219024795284	0.95457488	54.70822906	0.94540127	0.14092029871956663	0.023603	0.00083
0.1318	0.0675	0.0717	-0.0023492131731843676	0.0022444934180647076	0.0024486969405480446	1.35286105	77.53465271	1.20814268	0.45412889757277974	0.0413814	0.00995
0.1159	0.1727	0.1522	-0.001853539665617978	0.002239257430308725	0.0025045474766118626	1.01941431	58.42427826	0.96815612	0.22943800156930952	0.0429192	0.01175
0.1083	-0.1126	0.1413	-0.0012409290981679683	0.002235766771804736	0.0024172810140121463	1.44487822	82.80830383	1.24017272	0.3389683844276857	0.0586032	0.03318
0.112	0.0292	0.1757	-0.0015463617172669759	0.0023509585024363614	0.0023020892833805202	1.02787364	58.90909576	0.97982867	0.20669080401811296	0.0514008	0.0225
0.1216	-0.0699	0.1767	-0.0017226399717184032	0.002623229865747477	0.002562143341927676	0.98182899	56.27020645	0.96535198	0.14513018381548498	0.0573152	0.02851
0.1252	0.0132	0.1718	-0.002466150233067988	0.0028187067419708422	0.0022689280275926286	0.96280533	55.17992783	0.94653285	0.15321012259539987	0.0522361	0.01938
0.1197	0.1384	0.131	-0.0017435839227423352	0.002993239667170275	0.0019931660057775245	1.01835263	58.36343384	0.97667627	0.23014306286700953	0.0422145	0.01054
0.1185	0.0368	0.1362	-0.0018046704465621369	0.0029688050576423546	0.0018797196043978928	0.88200057	50.54887772	0.89930705	0.11794837673636765	0.0485078	0.01672
0.1143	0.1938	0.1458	-0.001858775653373961	0.0030176742766981957	0.0017732545200262388	0.99810117	57.20278931	0.95546757	0.181271975511966	0.0416723	0.01021
0.1234	0.0547	0.1446	-0.0020943951023931952	0.0030630528372500485	0.0018797196043978928	0.96024001	55.03290558	0.93271377	0.16877315469713705	0.0476534	0.01535
0.1312	0.1266	0.1494	-0.002432988977280095	0.0032637657012293962	0.0017645278737662671	0.88397634	50.66211319	0.89472989	0.11722492347489366	0.0451547	0.01166
0.1171	0.1325	0.1102	-0.0016249015336067207	0.0032009338481576006	0.001350884841043611	0.86330056	49.47714996	0.88527389	0.12342811647339132	0.0424788	0.01079
0.1226	0.076	0.0903	-0.0019896753472735357	0.003134611336581816	0.0009494591130849152	0.82556373	47.31439209	0.85756041	0.12352610266006477	0.0435873	0.01117
0.1157	0.1055	0.0811	-0.0020594885173533086	0.0034295719801688577	0.0012077678423800758	0.83061516	47.60389709	0.87617078	0.07675412714809875	0.0398571	0.00856
0.1017	-0.0157	0.086	-0.0011379546723003027	0.0029024825460665696	0.0011466813185602744	1.03742623	59.45656967	0.99069348	0.21558549014875475	0.04984	0.01816
0.103	0.0072	0.1434	-0.0011728612573401894	0.0029129545215785357	0.0008970992355250854	0.9674893	55.4483757	0.95225094	0.0963480321793521	0.0517553	0.02029
0.0978	-0.0391	0.1951	-0.0017889624832941875	0.0029827676916583086	0.0007627088831215222	0.89278209	51.16678238	0.90156588	0.1442152374218667	0.0561876	0.02486
0.1308	0.029	0.0873	-0.002136283004441059	0.0032916909692613052	0.0009093165402890458	1.01843512	58.36816025	1.0052582	0.2490425727958696	0.0433573	0.01188
0.2409	0.5193	-0.311	-0.0070685834705770355	0.0031084313978019013	-0.00024260076602721178	2.93034291	167.94268799	2.11397717	1.3120738671955816	0.0280498	0.00603
0.1566	0.2945	-0.2018	-0.00314857397059777	0.00294262511886244	-0.00012042771838760874	2.02445436	116.02474213	1.54086161	0.6286994413279164	0.0227191	0.0008
0.1366	0.3843	-0.1901	-0.002960078411382383	0.002806489437206882	-0.0008656833089891874	1.06298196	60.92121124	0.98441502	0.1749943415736262	0.0235022	0.00087
0.1359	0.2636	-0.1969	-0.0023422318561763904	0.003450515931192789	-0.0005969026041820607	1.0270592	58.86242294	0.96191807	0.2047326876999513	0.0243732	0.00122
0.1315	0.2649	-0.1675	-0.002209586833024821	0.003485422516232676	-0.0007086036763096977	0.85898817	49.22999954	0.89166141	0.04906263401595466	0.0238909	0.00104
0.1028	0.2958	-0.1144	-0.0005864306286700947	0.00314857397059777	-0.00039793506945470715	0.99232954	56.87200928	0.95714216	0.22623366784223112	0.0293795	0.00327
0.1113	0.0855	-0.0853	-0.0003787364476827695	0.0030665434957540365	-0.00023561944901923448	1.2319535	70.6052475	1.09177527	0.2705020138133266	0.0373694	0.00935
0.0959	0.1864	-0.1157	-0.001281071670963838	0.003717551306747922	0.00035081117965086024	1.03590369	59.3693161	0.98444272	0.25368868314725246	0.0288805	0.00339
0.1242	0.2925	-0.1737	-0.0012322024519079964	0.0036634460999360975	0.0010733774899765126	1.04759228	60.03920364	0.98788423	0.23367703680966587	0.0231154	0.00112
0.1963	0.2187	-0.1832	-0.004579743957233121	0.004775220833456485	0.0006422811647339132	1.34938967	77.33570099	1.13037507	0.3999206282044056	0.0223508	0.00084
0.5233	0.6405	-0.4427	-0.010423106292910135	0.006276203990171609	0.0014486232791552935	2.80653119	160.84683228	1.95211432	1.4158343803406757	0.0363533	0.01316
0.3408	0.4464	-0.438	-0.004948008429403923	0.005579817618625871	0.0019093902016817967	1.87663138	107.55277252	1.41555251	0.7129125578789226	0.0189177	0.00062
0.264	0.5899	-0.2575	-0.0021572269554649913	0.005340707511102648	0.002181661564992912	1.33663583	76.60475922	1.10808366	0.5659081472386636	0.0221901	0.00047
0.2321	0.3054	-0.292	-0.0013945180723434693	0.005133013330115323	0.002012364627549462	1.47452903	84.50763702	1.15973829	0.40788500007761486	0.021682	0.00086
0.2283	0.3346	-0.2503	-0.0004904375198104066	0.004310963252425994	0.0015865042900628454	1.0505054	60.2061615	0.99217687	0.18229954838545037	0.0244967	0.00071
0.2441	0.2599	-0.2466	-0.00033335788713091696	0.00467224640758882	0.002239257430308725	0.93916845	53.82526016	0.91408563	0.15275579640440975	0.0265514	0.00115
0.256	0.4409	-0.2277	-0.0010053096491487337	0.004824090052512327	0.002775073510670984	1.07485807	61.6018486	0.97573176	0.2797805743651791	0.0225975	0.00026
0.2749	0.4227	-0.2456	-0.0018727382873899156	0.005185373207675152	0.0027314402793711255	1.11127305	63.6888504	0.98197049	0.11861725123519326	0.0236914	0.00048
0.2506	0.6326	-0.3538	-0.005473352534254217	0.006911503837897546	0.0017941984710501708	1.87032938	107.19159698	1.39073392	0.6555993342703825	0.0228816	0.00101
0.1765	0.7534	-0.2136	-0.010620328498385496	0.008114035692521638	-0.002478367537831948	2.13970137	122.62973785	1.5926844	0.8662036913818743	0.0418346	0.02058
0.1996	0.5432	-0.3641	-0.00942477796076938	0.009386380717225503	-0.0031223940318178558	1.85060799	106.0613327	1.45804071	0.5393961028152944	0.0333206	0.00502
0.1429	0.2451	-0.3358	-0.007431611954991856	0.007805112414918642	-0.002963569069886372	1.72804379	99.03697968	1.29122507	0.5697629635007934	0.0280817	0.00291
0.1288	0.4153	-0.2148	-0.006447246256867054	0.0070965087386089445	-0.0029024825460665696	1.28388071	73.58127594	1.06890408	0.3930027949127151	0.0238358	0.00167
0.1199	0.3804	-0.2257	-0.006663667084114349	0.007101744726364926	-0.0026773350725593018	0.922548	52.872715	0.91292493	0.0770402144255272	0.0217577	0.00111
0.1374	0.5255	-0.2212	-0.005101597403579425	0.00574038790980935	-0.0026616271092913526	1.27802229	73.24552155	1.07799095	0.3140567230179224	0.0206533	0.00118
0.1381	0.6155	-0.2531	-0.0049235738198760036	0.005895722213236845	-0.002190388211252884	1.10248816	63.18537521	0.99546175	0.16282983925846933	0.0206136	0.00089
0.1219	0.4512	-0.2264	-0.004300491276914028	0.005960299395560636	-0.002171189589480946	0.98835903	56.64445114	0.92392723	0.24254291735288527	0.0195503	0.0007
0.1135	0.3927	-0.1866	-0.0024294983187761066	0.005871287603708924	-0.001853539665617978	1.03488183	59.31074905	0.96582441	0.22058273369263004	0.0225902	0.00105
0.1339	0.3471	-0.1507	-0.002197369528260861	0.005951572749300664	-0.001473057888683214	1.0671438	61.15973282	0.98990199	0.13654478565208739	0.0248632	0.00109
0.1647	0.4593	-0.1404	-0.0032794736644973454	0.006237806746627734	-0.0007749261878854823	1.07725215	61.73905945	0.97282453	0.2566234917180643	0.0198926	0.00025
0.188	0.3589	-0.1625	-0.0042324234360862495	0.006756169534470049	-0.000450294947014537	0.9081133	52.04544067	0.89752059	0.2355971900151082	0.0173488	5e-05
-0.4294	0.5072	0.0389	-0.007487462491055673	0.006059783162924312	-0.006047565858160352	2.95080423	169.11535645	2.24360653	1.4445348168830487	0.0655195	0.06453
-0.2334	0.3703	-0.1935	-0.006548475353482724	0.005567600313861911	-0.005208062487951079	1.775491	101.7562561	1.46072418	0.6788336678422311	0.0451787	0.03093
-0.1224	0.4154	-0.1739	-0.0051731559029111925	0.004988151002199794	-0.0043982297150257105	1.12118745	64.25706482	1.04171966	0.3139300767579508	0.0355101	0.01602
-0.0809	0.4082	-0.1675	-0.006492624817418905	0.004876449930072156	-0.003687880709464018	1.03368938	59.24240875	0.96564043	0.16217594960985207	0.0329396	0.01104
-0.0625	0.7347	-0.1138	-0.0057752944948492365	0.004342379178961892	-0.0031503192998497648	1.59162283	91.21847534	1.25106086	0.4880481241647093	0.0337029	0.01248
0.0367	0.4448	-0.1502	-0.007351326809400116	0.004696681017116741	-0.002186897552748895	1.46126521	83.74746704	1.20664152	0.57018779499033	0.0229861	0.00254
0.0869	0.4789	-0.2409	-0.010000736613927507	0.006852162643329738	-0.0009285151620609833	1.25708699	72.04568481	1.08510972	0.478163691071415	0.0198519	0.00067
0.0559	0.4191	-0.2082	-0.013580406909767877	0.00878424212528746	-0.0014538592669112763	1.26984143	72.77666473	1.08415786	0.4253546941324193	0.0303736	0.00362
0.0528	0.283	-0.1375	-0.011983430644193067	0.00813148898504158	-0.0015219271077390555	1.1043123	63.28992081	0.9836989	0.3257898623324234	0.0301957	0.00441
0.0423	0.1725	-0.0812	-0.007400196028455957	0.007169812567192705	-0.0011536626355682519	1.49013138	85.40183258	1.17312963	0.47295877528783953	0.0281127	0.00181
0.0359	0.1074	-0.0029	-0.005707226654021458	0.005728170605045389	-0.0010681415022205296	1.27939105	73.32396698	1.13111605	0.31080662349647686	0.0343799	0.00312
0.0904	0.3582	0.0773	-0.007590436916923339	0.005797983775125162	-0.0005235987755982988	1.4290818	81.90298462	1.18061411	0.5103783079801942	0.0251193	0.00139
0.1451	0.4103	0.0074	-0.009379399400217526	0.007157595262428746	0.0005864306286700947	1.2068001	69.16366577	1.07021931	0.38963016874330814	0.0167203	0.0004
0.1409	0.3206	0.0046	-0.0089570297212349	0.007204719152232592	0.0006719517620178169	0.92292315	52.89421463	0.89663655	0.12445073510670968	0.0189738	0.0004
0.1888	0.3235	0.0568	-0.01072679358275715	0.007452555906015787	0.0011414453308042916	0.92669451	53.11035919	0.91208718	0.227354709204596	0.0220393	0.00143
0.2888	0.382	-0.1347	-0.012301080568056033	0.007197737835224614	0.0009407324668249436	1.34228301	76.92840576	1.12292498	0.45149089600347014	0.0218155	0.00084
0.2318	0.3671	-0.1767	-0.010049605832983349	0.007316420224360229	0.0018064157758141308	1.25624454	71.99740601	1.07412744	0.2756920216598744	0.0150635	0.00018
0.2667	0.3672	-0.1794	-0.012648401089202907	0.008948303074974929	0.0030613075079980543	1.17405999	67.28727722	1.05178283	0.31197849195090915	0.0229238	0.00089
0.2149	0.542	-0.1122	-0.010822786691616838	0.00797790001086608	0.0025080381351158514	1.23417747	70.73270416	1.06682492	0.461264341728856	0.0162501	0.00019
0.2284	0.177	-0.146	-0.010283479952750588	0.007223917774004529	0.002267182698340634	1.62912798	93.36795807	1.24749721	0.4890072206251509	0.0227207	0.00111
0.2467	0.3391	-0.1064	-0.010159561575858992	0.007531095722355532	0.0028605946440187057	1.1631887	66.66422272	1.00532559	0.27122541354603363	0.0163661	0.00039
0.1977	0.2555	-0.1401	-0.009601056215220807	0.007532841051607526	0.0022462387473167022	1.05271733	60.3329277	0.95335394	0.22503032932960915	0.0167654	0.00027
0.1929	0.2948	-0.0379	-0.009662142739040607	0.006831218692305806	0.0018570303241219666	1.08073986	61.93894577	0.97262602	0.2038958653158128	0.0191824	0.00035
0.207	0.3637	-0.0572	-0.009386380717225503	0.007372270760424048	0.0024766222085799536	1.02559912	58.77873993	0.94221355	0.17412029871956666	0.0155941	0.00026
0.2375	0.1464	-0.0375	-0.00966737872679659	0.00765152344074314	0.002960078411382383	1.22702575	70.3228302	1.03748323	0.3196853446346305	0.0255564	0.00109
0.2517	0.4252	-0.0253	-0.0101874868438909	0.007466518540031742	0.003220132469929538	1.29100728	73.98971558	1.05777142	0.3534583538176432	0.0138255	0.00024
0.2681	0.3257	-0.0598	-0.011241665712095476	0.007906341511534314	0.0038100537571036214	0.86720735	49.70105362	0.88048335	0.25459615634406163	0.0168986	0.00079
0.2842	0.4674	-0.1641	-0.013826498334299078	0.008689994345679767	0.0038100537571036214	1.12989879	64.75632477	0.97624898	0.4305242728174527	0.018033	0.00108
0.2631	0.4664	-0.1314	-0.013552481641735966	0.009143779951198293	0.003675663404700058	0.97550744	55.90790558	0.92566665	0.09790963252426003	0.0184743	0.00073
0.2478	0.5439	0.0012	-0.012438961578963586	0.008702211650443726	0.003623303527140228	1.10977077	63.6027565	0.9766005	0.30577241205433897	0.018997	0.001
0.2153	0.4037	-0.0909	-0.011486011807374682	0.007904596182282318	0.0030665434957540365	1.18897164	68.14188385	1.01223269	0.38016626355682526	0.0159786	0.00036
0.2127	0.1741	-0.11	-0.011943288071397199	0.007161085920932734	0.002637192499763432	1.27231574	72.91847229	1.07136706	0.3328068760681352	0.0262105	0.00188
0.225	0.4374	-0.1009	-0.012482594810263445	0.007419394650227894	0.0033597588100890844	1.29912519	74.45496368	1.05763185	0.3607090889243528	0.0156004	0.00069
0.2188	0.2737	-0.0861	-0.01193979741289321	0.007698647330546988	0.0033527774930811067	1.00118697	57.37964249	0.92533959	0.22615156973486528	0.0194263	0.00099
0.2213	0.2516	-0.0687	-0.01032362252554646	0.007143632628412791	0.0035342917352885177	1.02836108	58.93703461	0.94315966	0.15963519158441788	0.0214758	0.00089
0.1315	0.7194	-0.0338	-0.015390313344085998	0.006544984694978735	0.0029373891311064567	2.54536676	145.8790741	1.80453979	0.9056120678077827	0.0354885	0.02647
0.1434	0.922	-0.2921	-0.023624776754995244	0.011173597871267697	0.002253220064324679	3.01867318	173.0050354	2.27433839	1.1501622826989992	0.0660241	0.05948
0.1695	0.7046	-0.3305	-0.01969604060875601	0.009407324668249437	0.0023230332344044524	1.7539047	100.51911163	1.4887037	0.5701411259668635	0.0393248	0.01
0.1866	0.5661	-0.3317	-0.01661204382048203	0.008480554835440447	0.0028640853025226946	1.25063193	71.67573547	1.08689693	0.3843909344600605	0.0260942	0.00127
0.2099	0.7446	-0.2821	-0.016339772457170915	0.008349655141540872	0.0036896260387160127	1.09969795	63.02546692	0.97261824	0.3128355896702004	0.0250199	0.00146
0.1892	0.5494	-0.3202	-0.015449654538653804	0.008770279491271505	0.0033196162372932147	1.07621014	61.67934036	0.97485219	0.33803760348352707	0.0224851	0.00066
0.1763	0.5644	-0.3663	-0.01321388776684907	0.008852309966115239	0.002647664475275398	0.93877423	53.80266571	0.90945497	0.22348745043331433	0.0185845	0.00017
0.1893	0.5661	-0.3694	-0.012918927123262026	0.00874759021099558	0.002617993877991494	0.75317699	43.16579056	0.82962463	0.03926754979953034	0.0186839	0.00014
0.1976	0.569	-0.4048	-0.012863076587198208	0.008810422064067375	0.0025516713664157096	0.76624739	43.91487503	0.8357027	0.05585024503556976	0.019687	0.0002
0.1891	0.54	-0.348	-0.012068951777540788	0.00838107106807677	0.0023265238929084412	0.86087209	49.33797073	0.87763452	0.16673116395776455	0.0154504	3e-05
0.1919	0.5027	-0.3452	-0.011332422833199182	0.008220500776893291	0.0023911010752322315	0.92740005	53.15079498	0.90215796	0.09098382089244376	0.0122813	7e-05
0.2057	0.5994	-0.3406	-0.0100338978697154	0.007902850853030323	0.002853613327010729	0.92582947	53.06078339	0.89769367	0.21903435695626236	0.0106604	0.00013
0.2024	0.5069	-0.3163	-0.008141960960553548	0.007026695568529171	0.00314857397059777	1.09590423	62.80804062	0.98324757	0.27325264186250225	0.00771117	0.00011
0.2	0.5698	-0.3409	-0.007930776121062234	0.007391469382195986	0.002825688058978819	0.91007137	52.15766144	0.89167381	0.13484222823885392	0.00855374	0.00012
0.2099	0.7319	-0.3728	-0.009435249936281346	0.0072850042978243315	0.0022148228207808044	1.15012252	65.91538239	0.98569092	0.31499020688943913	0.014037	0.0001
0.2406	0.6438	-0.3697	-0.010833258667128804	0.00807912910748175	0.0014067353771074296	0.99615091	57.09101868	0.93236883	0.2719110492089126	0.0126334	0.00013
0.2395	0.6147	-0.4236	-0.008794714100799426	0.008154178265317507	0.001572541656046891	1.04584289	59.93894196	0.95793958	0.19807000015522985	0.0120328	6e-05
0.2302	0.7056	-0.4107	-0.008105309046261666	0.007998843961890012	0.001553343034274953	1.01306725	58.06052017	0.92405049	0.1562968989868596	0.0130602	8e-05
0.2213	0.6702	-0.3848	-0.008025023900669927	0.008077383778229757	0.0016790067404185449	0.89050806	51.03645325	0.88137259	0.08442443340375379	0.011994	1e-05
0.2196	0.5408	-0.4203	-0.007319910882864217	0.008108799704765655	0.0015603243512829306	0.99818361	57.20751572	0.91935117	0.2093605666738612	0.0107871	9e-05
0.222	0.6456	-0.4232	-0.007435102613495844	0.0081873395211054	0.0017121679962064373	0.83181304	47.6725502	0.85011781	0.12737875959474396	0.0120527	7e-05
0.2232	0.6373	-0.4142	-0.007735299244838868	0.007876670914250409	0.0013945180723434693	0.86286223	49.45202637	0.87125355	0.06492575810304915	0.0107093	5e-05
0.2304	0.6093	-0.4079	-0.0073844880651880085	0.008265879337445145	0.001963495408493621	0.84694558	48.53981781	0.86518987	0.1069498469497874	0.0100533	0.0001
0.2179	0.7241	-0.4285	-0.007223917774004529	0.007953465401338159	0.0020943951023931952	0.92171192	52.82479858	0.88738469	0.17809419605950202	0.0130648	0.00011
0.2158	0.8151	-0.422	-0.009234537072301997	0.008033750546929898	0.002139773662945048	0.99306077	56.91391754	0.92604546	0.20641415022205317	0.016255	8e-05
0.2133	0.6985	-0.4651	-0.010157816246606997	0.008702211650443726	0.0016859880574265225	0.89573628	51.3360939	0.87996107	0.26447629416686774	0.0143051	0.00011
0.224	0.6406	-0.4304	-0.009946631407115682	0.00893783109946296	0.002097885760897184	0.83420074	47.80939102	0.855752	0.1462350995990606	0.0123239	0.0001
0.2331	0.5685	-0.4059	-0.009936159431603718	0.00880518607631139	0.0021799162357409173	0.82262969	47.14623642	0.85544464	0.11695737367536332	0.0109502	8e-05
0.2403	0.5797	-0.3668	-0.00967436004380457	0.008826130027335325	0.002494075501099897	0.81280154	46.58296967	0.84837978	0.08734513020910309	0.00959122	3e-05
0.2469	0.5789	-0.3839	-0.009471901850573226	0.008775515479027489	0.002542944720155738	0.82154447	47.0840416	0.84661854	0.03959709802975103	0.0098027	2e-05
0.2341	0.6005	-0.4071	-0.011152653920243765	0.009471901850573226	0.0021921335405048776	1.0252564	58.75909805	0.95132483	0.19399748104335687	0.0146986	0.00018
0.2228	0.5943	-0.4468	-0.012875293891962169	0.009885544883295882	0.0022113321622768156	1.00974941	57.87036896	0.94849969	0.1649740813106498	0.0182369	0.00028
0.2499	0.6392	-0.3466	-0.01236391242112783	0.009033824208322648	0.0017575465567582897	0.97871089	56.09150314	0.9414881	0.2630443875663048	0.0134661	5e-05
0.2547	0.6836	-0.3561	-0.011683234012850043	0.00917519587773419	0.002001892652037496	0.89741027	51.43203354	0.88578196	0.11201980864842671	0.0132298	5e-05
0.2571	0.7034	-0.3727	-0.011751301853677822	0.00942477796076938	0.002092649773141201	0.88322222	50.61889267	0.8790903	0.05922035224833368	0.0137028	3e-05
0.2845	0.7945	-0.2794	-0.012121311655100619	0.009805259737704143	0.002186897552748895	1.11632097	63.97816086	0.99894571	0.25403696789826263	0.0201924	0.00106
0.2835	0.669	-0.3592	-0.012856095270190231	0.01028697061125458	0.002092649773141201	1.12534606	64.49539948	1.01277793	0.2718371134123871	0.016861	0.00026
0.3071	0.8135	-0.51	-0.01654048532115026	0.011206759127055588	0.0021170843826691216	1.54086423	88.30941772	1.26390412	0.550330658814448	0.038752	0.01779
0.3447	0.8041	-0.4735	-0.01547583447743372	0.010653489754173387	0.003420845333908886	1.46124971	83.74658203	1.22967377	0.22958405839192528	0.0297667	0.00445
0.3476	0.8388	-0.4179	-0.013746213188707338	0.010108947027551158	0.0036599554414321086	0.99132693	56.81454849	0.93813223	0.21886370614359163	0.0253686	0.00117
0.3445	0.6983	-0.4533	-0.012377875055143785	0.010290461269758567	0.004049163864626845	1.09623587	62.82704544	0.98801525	0.27595303994828485	0.0201248	0.00033
0.319	0.9354	-0.4725	-0.01177573646320574	0.009960594041131638	0.00443837228782158	1.16465652	66.74834442	1.01063812	0.3478607121879855	0.0258595	0.0007
0.3233	0.7546	-0.4884	-0.011472049173358728	0.010309659891530504	0.004422664324553631	1.04326987	59.79148102	0.94812953	0.2344230551756913	0.0199823	0.00025
0.3296	0.8702	-0.479	-0.010924015788232508	0.010416124975902158	0.003974114706791089	0.91371775	52.36663818	0.89589891	0.1864524043630208	0.0218427	0.00034
0.3412	0.9148	-0.4737	-0.011871729572065429	0.010677924363701307	0.003830997708127553	0.8447032	48.41130447	0.86437131	0.12913150851478025	0.0247552	0.00088
0.3413	0.8233	-0.4734	-0.011672762037338073	0.010862929264412706	0.004214970143566306	0.86088634	49.33878708	0.87064064	0.13029724354387523	0.0215328	0.00031
0.3296	0.883	-0.5111	-0.011271336309379381	0.010910053154216554	0.004284783313646079	0.84685373	48.53455353	0.86696459	0.13501813939211563	0.0241936	0.00062
0.3033	0.9144	-0.5343	-0.012402309664671707	0.01099731961681627	0.0035098571257605967	0.89920223	51.53473282	0.89852678	0.18055830028887612	0.0290217	0.00209
0.3063	0.7612	-0.4786	-0.011358602771979098	0.010641272449409427	0.0038798669271833948	1.02361238	58.66487885	0.95677316	0.30038819307611253	0.0195673	0.00014
0.3127	0.7166	-0.4673	-0.01118232451752767	0.01069886831472524	0.004246386070102203	0.8664977	49.66038132	0.87718767	0.09231966313430237	0.0185534	0.00019
0.3202	0.8338	-0.456	-0.011904890827853322	0.010976375665792338	0.004621631859280984	0.9483431	54.35107422	0.90725618	0.2047659725285765	0.0217496	0.00031
0.3255	0.8246	-0.4235	-0.012116075667344635	0.010742501546025098	0.00485376064979623	0.82873935	47.4963913	0.85638853	0.08085938748868998	0.0210289	0.00022
0.3298	0.7486	-0.4443	-0.011828096340765572	0.010882127886184645	0.004956735075663896	0.82946157	47.53778076	0.85463673	0.12762900463031365	0.0189822	0.00021
0.3351	0.8518	-0.4567	-0.011918853461869274	0.011278317626387358	0.005126032013107346	0.90707856	51.98613739	0.8945782	0.1537121899374933	0.0226512	0.00047
0.3322	0.768	-0.4497	-0.011555824977454455	0.011475539831862716	0.005276130328778859	0.93378597	53.51678085	0.90335157	0.12921745027808443	0.0203115	0.00032
0.3039	0.8084	-0.5136	-0.011367329418239067	0.011273081638631376	0.005510004448546098	0.9757722	55.92308044	0.92856361	0.16384139361069827	0.0236846	0.00035
0.2823	0.8676	-0.4884	-0.010965903690280372	0.011107275359691913	0.0055920349233898325	0.94733357	54.29321671	0.90509548	0.13846312408709463	0.0242054	0.00059
0.2649	0.7402	-0.5493	-0.009101892049150427	0.010906562495712565	0.005532693728822024	1.0850544	62.18621826	0.96062145	0.3119032849838551	0.0216661	0.00033
0.2624	0.6132	-0.5739	-0.007625343501963226	0.010028661881959416	0.005436700619962336	1.03653407	59.40544128	0.95592722	0.2766221134900019	0.0204553	0.0003
0.2679	0.8796	-0.5319	-0.008930849782454984	0.009405579338997442	0.005597270911145814	1.24574685	71.39576721	1.04829614	0.4183579557318606	0.0251908	0.00077
0.2657	0.83	-0.5673	-0.00960629220297679	0.00946142987506126	0.0059358647860327145	0.93914711	53.82403946	0.90916204	0.14069434157362637	0.0255808	0.00071
0.2703	0.8738	-0.4965	-0.009546951008408983	0.009133307975686325	0.006014404602372459	0.86468881	49.5567131	0.8719689	0.14250014551412443	0.0235246	0.00064
0.2917	0.6616	-0.5148	-0.009189158511750145	0.009724974592112405	0.006225589441863773	1.1046474	63.30912399	0.97304997	0.30993219762881175	0.019483	0.00016
0.309	0.7862	-0.4503	-0.008939576428714955	0.010419615634406148	0.006386159733047251	0.95601785	54.79092789	0.90578957	0.2616396708256206	0.0192677	0.00027
0.3076	0.6414	-0.435	-0.0088645272708792	0.010262536001726656	0.005684537373745532	0.95371687	54.6590538	0.90228984	0.20818755749084833	0.0141886	6e-05
0.3001	0.6117	-0.3853	-0.0074228853087318835	0.010093239064283208	0.005478588522010201	0.87972224	50.41830063	0.88022451	0.17774438756630476	0.0127606	9e-05
0.3121	0.7065	-0.3986	-0.007789404451650692	0.009721483933608416	0.005906194188748811	1.01684737	58.27716827	0.93735654	0.17839399701661054	0.0149488	7e-05
0.3267	0.5967	-0.3649	-0.008779006137531478	0.010325367854798453	0.006028367236388414	0.9509055	54.49792862	0.91658705	0.24388293273552128	0.012514	7e-05
0.3376	0.5676	-0.3686	-0.007593927575427327	0.010543534011297744	0.006215117466351807	0.99000287	56.73866272	0.93579097	0.12319974742834185	0.0129808	9e-05
0.335	0.756	-0.3576	-0.007429866625739861	0.010201449477906856	0.006113888369736136	1.04973972	60.16228104	0.94682666	0.2323687289847013	0.0155899	0.00018
0.3377	0.6129	-0.3432	-0.006733480254194123	0.009852383627507991	0.006134832320760068	1.06255734	60.89687729	0.96985167	0.21351980864842665	0.0131381	8e-05
0.3321	0.7086	-0.3398	-0.006815510729037857	0.00957836693494488	0.006150540284028017	0.89734012	51.42801285	0.88516073	0.12328775653373972	0.0142589	9e-05
0.2375	0.8157	-0.2101	-0.00696211838620538	0.008065166473465796	0.005949827420048669	1.18986523	68.19309998	1.02603248	0.4244260491312976	0.0193539	0.0004
0.1827	0.721	-0.3353	-0.006618288523562498	0.007337364175384161	0.004365068459237818	1.29579544	74.26412964	1.09409836	0.4075195560767684	0.015135	0.00022
0.1861	0.3831	-0.4911	-0.006613052535806515	0.007625343501963226	0.003984586682303054	1.57008803	89.98428345	1.18744656	0.5307848545634904	0.0158063	0.0003
0.1996	0.5686	-0.3226	-0.006410594342575173	0.0074996797958196346	0.004574507969477138	1.25329196	71.82818604	1.06224414	0.4134021593274508	0.00933737	9e-05
0.1995	0.3213	-0.2902	-0.005845107664929009	0.007887142889762375	0.00422893277758226	1.32008469	75.65618896	1.06804626	0.34472624817418906	0.013217	0.00015
0.212	0.4542	-0.1893	-0.005785766470361203	0.007227408432508519	0.004148647631990522	1.04687417	59.99805069	0.95738721	0.28626803987067007	0.00780582	7e-05
0.2318	0.3413	-0.2016	-0.005852088981936987	0.0075502943441274695	0.00463559449329694	0.9257341	53.05531693	0.89637029	0.18880776422505768	0.0107331	0.0001
0.2673	0.5953	-0.1848	-0.006510078109938849	0.008192575508861382	0.005707226654021458	1.2215488	70.00893402	1.01465321	0.4248951226730147	0.00911301	7e-05
0.2762	0.4967	-0.2035	-0.006681120376634293	0.008059930485709814	0.005618214862169747	0.87100106	49.9184761	0.87720163	0.14583495408493624	0.00841004	6e-05
0.2892	0.571	-0.1968	-0.007866198938738442	0.008429940287132611	0.005492551156026155	0.91218424	52.27875137	0.90088579	0.17803760348352693	0.00967234	0.00011
0.2814	0.4773	-0.2213	-0.00995710338262765	0.010047860503731356	0.005590289594137836	1.10788226	63.49451828	1.00342753	0.3163281549299817	0.015404	0.00025
0.2525	0.4125	-0.2464	-0.008323475202760958	0.008927359123950995	0.00467224640758882	1.03588915	59.36848068	0.9536062	0.3024086373098035	0.012633	8e-05
0.2605	0.5934	-0.1522	-0.007927285462558244	0.00834441915378489	0.0050405108797596234	1.07752156	61.75449753	0.9529121	0.3504697091269812	0.0115458	6e-05
0.2734	0.2761	-0.1891	-0.007419394650227894	0.008227482093901268	0.0050125856117277144	1.40314329	80.41640472	1.1083581	0.399737657012294	0.0160965	7e-05
0.2701	0.4534	-0.1422	-0.007501425125071628	0.008244935386421213	0.005181882549171164	1.04233325	59.7378006	0.94270647	0.2409390352403564	0.00926912	5e-05
0.2964	0.2706	-0.0986	-0.0077335539155868735	0.007922049474802262	0.0051277773423593406	1.14863122	65.82991028	1.00778073	0.28315599544730097	0.0155585	0.00033
0.2755	0.3034	-0.0654	-0.0076166168557032544	0.008220500776893291	0.005265658353266893	0.98393184	56.39072418	0.94915461	0.11456346864410996	0.0154567	0.00026
0.2183	0.3191	-0.1819	-0.005644394800949661	0.007311184236604247	0.0040945424251786966	1.17648458	67.42623138	1.03526449	0.39203272615654167	0.0118885	3e-05
0.2109	0.6612	-0.013	-0.004504694799397364	0.006263986685407648	0.004054399852382828	1.74295914	99.89179993	1.30485586	0.6297520062772384	0.0249331	0.0057
0.1662	0.3695	-0.1567	-0.006791076119509936	0.005085889440311476	0.0033684854563490563	1.70546031	97.74268341	1.27852712	0.6876196480621257	0.0157924	0.00036
0.1424	-0.0448	-0.2738	-0.006888814557621618	0.004543092042941239	0.002097885760897184	1.94150686	111.27089691	1.42215184	0.6507567765466895	0.0313405	0.00297
0.1827	0.1432	-0.2587	-0.004790928796724435	0.004822344723260333	0.0031119220563058892	1.16467881	66.74962616	1.00741443	0.41295873683124906	0.0193094	0.00038
0.2103	0.421	-0.2574	-0.00443837228782158	0.004944517770899936	0.003679154063204046	1.25587964	71.97649384	1.04612457	0.35879807817203074	0.0102655	6e-05
0.2114	0.5423	-0.2731	-0.004075343803406759	0.004792674125976429	0.003558726344816438	0.91409558	52.38829422	0.89488301	0.16986499238629685	0.010443	7e-05
0.2292	0.6764	-0.2316	-0.005094616086571448	0.005260422365510909	0.003333578871309169	1.00439954	57.56375885	0.93736648	0.2790083998103218	0.011132	0.00011
0.2361	0.6062	-0.254	-0.004349360495969869	0.0057648225193372695	0.003687880709464018	0.9233824	52.92053604	0.90224553	0.17969787912913948	0.00983465	0.00012
0.2647	0.6369	-0.1987	-0.00476474885794452	0.006263986685407648	0.004330161874197931	0.87671041	50.24568939	0.87607201	0.1924416846389472	0.0108522	4e-05
0.2831	0.5162	-0.2402	-0.004717624968140673	0.006368706440527309	0.004103269071438669	0.95137173	54.52465057	0.91100902	0.19953682238413856	0.00923461	6e-05
0.2647	0.5585	-0.225	-0.009976302004399588	0.008353145800044861	0.0035796702958403696	1.50298679	86.13860321	1.15734011	0.4642357585687384	0.0135608	8e-05
0.1521	0.4162	-0.0789	-0.01164658209855816	0.010506882097005862	0.0024975661596038853	1.59669292	91.50904846	1.24010985	0.6463060263678029	0.0229976	0.00428
0.2603	0.3746	-0.1708	-0.011524409050918559	0.010831513337876809	0.0026022859147235454	1.41856062	81.30000305	1.17487806	0.26927620218151044	0.021928	0.00079
0.3068	0.357	-0.2329	-0.011133455298471828	0.010737265558269114	0.003687880709464018	0.99035937	56.75909424	0.93995009	0.20473981633974492	0.0199737	0.00045
0.3496	0.5187	-0.3005	-0.012479104151759455	0.011479030490366705	0.0034487706019407953	1.09927917	63.00146103	0.97368304	0.3884261946454221	0.0224867	0.00077
0.2759	0.5246	-0.2681	-0.009274679645097867	0.010559241974565692	0.004431390970813603	1.30640721	74.87230682	1.10638144	0.36734166956677033	0.0116836	4e-05
0.2386	0.8078	-0.2199	-0.007141887299160796	0.008894197868163105	0.004176572900022431	1.48123431	84.89192963	1.16563367	0.5713327261565415	0.0188658	0.00083
0.2299	0.5379	-0.3816	-0.0069481557521894255	0.008358381787800843	0.003829252378875559	1.49905729	85.91339111	1.15997125	0.4941434074240251	0.0116978	0.00031
0.2514	0.4852	-0.3837	-0.007024950239277177	0.007997098632638018	0.003790855135331684	1.04217136	59.72852325	0.9598206	0.10012374428972266	0.0100541	7e-05
0.2823	0.6647	-0.3369	-0.007358308126408092	0.008258898020437168	0.00441393767829366	1.07228076	61.45413971	0.94965465	0.318111990894602	0.0101557	7e-05
0.2864	0.5952	-0.2944	-0.006424556976591126	0.007740535232594851	0.004480260189869444	0.90631759	51.94252396	0.88314633	0.1920218224617533	0.00811362	4e-05
0.2709	0.5821	-0.2852	-0.00641408500107916	0.007660250087003113	0.0040561451816348215	0.83437705	47.81949615	0.8579503	0.06354360646691636	0.00777805	8e-05
0.2636	0.5797	-0.2713	-0.006944665093685436	0.00791332282854229	0.0037315139407638766	0.86212629	49.40985107	0.86511549	0.0790142037508199	0.00718826	4e-05
0.2842	0.6834	-0.2065	-0.007227408432508519	0.00819083017960939	0.00420449816805434	0.92235726	52.86178589	0.8899446	0.24076174585903223	0.00820023	6e-05
0.2885	0.5231	-0.1647	-0.006822492046045835	0.008192575508861382	0.004092797095926702	1.02807105	58.92041016	0.93645326	0.23231813939211568	0.00802892	2e-05
0.2701	0.5093	-0.1576	-0.006379178416039275	0.008333947178272924	0.0038781215979314006	0.86454046	49.54821014	0.86883202	0.07926803987067016	0.00686729	2e-05
0.2301	0.5514	-0.2189	-0.005452408583230286	0.007764969842122772	0.0034016467121369483	0.98451161	56.4239502	0.93014402	0.24201110273767973	0.00959504	6e-05
0.1893	0.3866	-0.3427	-0.005420992656694387	0.007031931556285153	0.002623229865747477	1.21795714	69.80309296	1.02407706	0.40654355293814953	0.0117113	7e-05
0.1981	0.3546	-0.2857	-0.003687880709464018	0.006529276731710787	0.0026668630970473357	1.02393401	58.68331146	0.95005094	0.2117700001552296	0.0126954	8e-05
0.2108	0.3645	-0.2813	-0.004134684997974567	0.006914994496401533	0.002933898472602468	0.90108877	51.64285278	0.89024658	0.08197787143782134	0.0138173	9e-05
0.2334	0.4955	-0.2234	-0.004591961261997081	0.0069464104229374326	0.0033859387488689996	0.93129855	53.37422562	0.89006754	0.2585366233412473	0.0100549	5e-05
0.2416	0.4869	-0.2157	-0.004640830481052923	0.00693768377667746	0.003637266161156183	0.76376349	43.77251816	0.82672477	0.03994616388014989	0.0100057	4e-05
0.2473	0.5603	-0.1913	-0.004457570909593518	0.006972590361717347	0.003963642731279122	0.79463464	45.54179382	0.8391799	0.13072713633111155	0.0107553	4e-05
0.2919	0.7698	-0.1448	-0.005906194188748811	0.007819075048934596	0.0038990655489553323	1.314852	75.35629272	1.06836746	0.4185842574348166	0.0178993	0.00108
0.3128	0.9764	-0.3334	-0.008250171374177195	0.008414232323864661	0.0031381019950858045	1.67524326	96.01089478	1.26089633	0.6011049007113988	0.024106	0.00041
0.31	0.6901	-0.2468	-0.007593927575427327	0.008616690517096005	0.0037350045992678655	1.28169525	73.45602417	1.05660056	0.44848022980816366	0.0116647	4e-05
0.3171	0.5887	-0.1659	-0.0067491882174620715	0.008503244115716374	0.0036215581978882336	0.94660473	54.25144577	0.91325423	0.24298160803622593	0.0101854	8e-05
0.3071	0.5047	-0.1641	-0.0062290801003677615	0.008250171374177195	0.003166027263117714	0.81152022	46.50953293	0.85051839	0.1572355896702004	0.0111831	0.00019
0.3139	0.4969	-0.1173	-0.005923647481268755	0.008508480103472356	0.002806489437206882	0.96413887	55.25635529	0.92297457	0.10756395871525004	0.0139158	0.00036
0.3446	0.6568	-0.1997	-0.007274532322312366	0.008600982553828056	0.002371902453460294	1.33503771	76.51316833	1.09743253	0.36689871375729494	0.0141681	0.00014
0.3249	0.4045	-0.1982	-0.006630505828326458	0.009145525280450286	0.00326551103048139	1.31067276	75.11677551	1.10358546	0.37760888988146174	0.0129126	0.00025
0.336	0.3583	-0.2224	-0.006387905062299246	0.008712683625955692	0.003338814859065152	1.05748606	60.6062355	0.95833309	0.1189373124552784	0.0110694	7e-05
0.3332	0.5553	-0.1874	-0.006045820528908357	0.008779006137531478	0.0035081117965086025	1.03852141	59.51934052	0.93577782	0.2636851991205063	0.00847805	3e-05
0.3303	0.7753	-0.1797	-0.005539675045830002	0.008960520379738888	0.0035133477842645856	1.09448206	62.7265358	0.97883897	0.26524478565208726	0.0150623	0.00014
0.3384	0.7093	-0.2056	-0.005106833391335408	0.008724900930719653	0.003438298626428829	0.99969989	57.29441452	0.94015127	0.1371755130674792	0.0138018	3e-05
0.3371	0.7582	-0.3032	-0.006386159733047251	0.008796459430051421	0.0032812189937493396	1.10173571	63.14225006	0.97386505	0.2231982236861549	0.0150749	7e-05
0.3431	0.6431	-0.2626	-0.0059411007737886976	0.008738863564735608	0.0032340951039454926	0.87081194	49.90763855	0.86453525	0.18918893571891063	0.011973	8e-05
0.355	0.5895	-0.2477	-0.0054873151682701725	0.008902924514423075	0.003502875808752619	0.79212695	45.3980751	0.83929624	0.12473136300065583	0.0124812	0.00015
0.3481	0.5295	-0.2452	-0.005508259119294104	0.008936085770210968	0.003563962332572421	0.81147528	46.50695801	0.83999473	0.07515958653158131	0.0115964	6e-05
0.3336	0.4924	-0.2476	-0.004684463712352781	0.0088645272708792	0.0038013271108436495	0.92452514	52.98603058	0.89072527	0.11063593422721596	0.0115201	3e-05
0.3044	0.6685	-0.2177	-0.0041277036809665895	0.008121017009529614	0.0035342917352885177	1.2014358	68.85622406	1.02588123	0.31356528341454537	0.0160761	0.00021
0.2831	0.5813	-0.2805	-0.004139920985730549	0.007974409352362091	0.0030962140930379405	1.12040401	64.21216583	0.98946482	0.20114513020910296	0.0124434	0.0001
0.3051	0.3741	-0.2503	-0.0035116024550125905	0.007906341511534314	0.0029129545215785357	1.23471367	70.76343536	1.05036948	0.30338229715025694	0.0137172	7e-05
0.3405	0.6016	-0.2121	-0.004153883619746505	0.008253662032681184	0.003452261260444784	1.11405015	63.84801483	0.9730811	0.3775454212373517	0.0132419	0.0001
0.3472	0.6568	-0.2058	-0.004125958351714595	0.008717919613711676	0.0040945424251786966	0.83144939	47.6517067	0.8577877	0.12492320068981572	0.014064	8e-05
0.346	0.7031	-0.2018	-0.004396484385773717	0.00842470429937663	0.004187044875534397	0.76275289	43.71459961	0.82543136	0.08431218993749337	0.0141674	6e-05
0.337	0.7417	-0.1973	-0.004553564018453206	0.008197811496617366	0.004422664324553631	0.90518755	51.87776184	0.88545771	0.08307959422289937	0.0160301	0.00013
0.1694	0.8756	-0.1956	-0.008000589291142005	0.007853981633974483	0.004105014400690663	1.54776013	88.70463562	1.23312575	0.5086252529597326	0.0241157	0.00321
0.1769	0.6124	-0.325	-0.007756243195862801	0.007981390669370068	0.003626794185644217	1.78194833	102.12633514	1.32623822	0.4425987672860617	0.0130442	0.00019
0.1754	0.7383	-0.2102	-0.005850343652684992	0.006729989595690135	0.0036145768808802567	1.37373352	78.73088837	1.12230132	0.40067589608108506	0.0121627	0.00034
0.1926	0.4719	-0.2631	-0.005747369226817327	0.007867944267990437	0.003703588672731967	1.38675535	79.47718811	1.09292846	0.40299704450098395	0.0111327	0.00012
0.2249	0.3614	-0.2471	-0.008272860654453122	0.00854164135926025	0.0038484510006474965	1.2629981	72.38446045	1.0796488	0.32600254234105686	0.0142921	0.0003
0.206	0.4283	-0.1959	-0.007075564787585011	0.007276277651564359	0.002673844414055313	0.99223	56.86630249	0.94260551	0.31886330805780927	0.0110162	7e-05
0.2138	0.5954	-0.1289	-0.007040658202545125	0.007339109504636156	0.003378957431861022	1.05221546	60.30416489	0.94762042	0.28204257279586964	0.00874782	2e-05
0.2449	0.561	-0.2765	-0.009389871375729494	0.008105309046261666	0.00322885911618951	1.08003461	61.89852524	0.97256722	0.3763755515240696	0.00824428	2e-05
0.2533	0.6804	-0.1881	-0.008286823288469077	0.007129669994396836	0.0038938295611993493	0.98781031	56.61300278	0.92023885	0.3533828792067543	0.0101264	0.0001
0.2614	0.834	-0.2224	-0.010395181024878226	0.007953465401338159	0.004611159883769018	1.21292424	69.51464844	1.02183775	0.378474173296007	0.015486	0.00015
0.2543	0.6271	-0.1181	-0.00973893722612836	0.007890633548266364	0.0045483280306972225	1.27231073	72.91818237	1.05726938	0.3573953752446728	0.0109829	7e-05
0.2202	0.6069	-0.0574	-0.009969320687391611	0.008330456519768934	0.003640756819660172	0.88284951	50.59753036	0.88600533	0.1938888821901436	0.0110911	7e-05
0.2134	0.4606	-0.0492	-0.008754571528003558	0.007681194038027044	0.002782054827678961	1.04575729	59.93403625	0.95615821	0.29743568165555767	0.0145279	0.00014
0.2242	0.8903	-0.1469	-0.009656906751284626	0.007979645340118073	0.002960078411382383	1.89646268	108.68933868	1.35275829	0.607140505453776	0.0201921	0.00056
0.2355	0.3777	-0.1374	-0.007473499857039719	0.007403686686959946	0.0033807027611130165	2.07693672	119.03259277	1.4612917	0.6923994948566833	0.0122465	0.00016
0.2429	0.5671	-0.1175	-0.007314674895108234	0.007529350393103537	0.0043214352279379595	1.16922915	67.01041412	1.00333908	0.27796105674500104	0.00861794	6e-05
0.1845	0.5017	-0.1311	-0.008861036612375212	0.008313003227248992	0.00441393767829366	1.04603052	59.9496994	0.95478865	0.2585258500884067	0.0103934	0.00025
0.1298	0.466	-0.1977	-0.009108873366158406	0.008642870455875919	0.0036302848441482054	1.11131728	63.69138718	0.99371917	0.22506784082777875	0.0115716	0.00014
0.1448	0.4154	-0.193	-0.007087782092348972	0.0077335539155868735	0.0031817352263856626	1.02074385	58.50047684	0.93940773	0.2392478715930511	0.00976777	4e-05
0.1453	0.6872	-0.1348	-0.004871213942316174	0.006820746716793839	0.003225368457685521	1.50194931	86.07913971	1.15988552	0.48915042900628464	0.0169976	0.00127
0.1482	0.6149	-0.2024	-0.004677482395344803	0.0069865529957333005	0.003412118687648914	1.19889545	68.71063232	1.02975632	0.1701144027937113	0.0131284	0.0004
0.1604	0.1981	-0.1831	-0.00416435559525847	0.006785840131753953	0.0033108895910332428	1.81355405	103.93771362	1.34440364	0.4890534380340676	0.0171218	0.0002
0.146	0.5601	-0.1931	-0.006181956210563915	0.007496189137315645	0.004141666314982544	1.64816964	94.45926666	1.24150326	0.564336317240822	0.00962132	6e-05
0.1612	0.4541	-0.1357	-0.009939650090107706	0.008217010118389304	0.005091125428067459	1.27451932	73.04476166	1.06510039	0.4499986986851183	0.0126889	0.00025
0.1049	0.5553	-0.2456	-0.010836749325632793	0.007847000316966505	0.004729842272904633	1.26356328	72.41685486	1.07744425	0.34881960960553576	0.0152072	0.00054
0.1312	0.5188	-0.2939	-0.007532841051607526	0.006448991586119048	0.004002039974822997	1.24855864	71.55691528	1.05978954	0.382585965147718	0.011031	0.00018
0.1367	0.6712	-0.2281	-0.006585127267774605	0.006237806746627734	0.004077089132658754	1.22155499	70.0092926	1.02778625	0.2853973890579995	0.0137327	0.00032
0.1336	0.919	-0.2287	-0.006236061417375739	0.005661848093469605	0.00409977841293468	1.4527806	83.26119995	1.17703611	0.298885689191646	0.0274675	0.00328
0.16	0.2764	-0.2415	-0.005827654372409066	0.006403613025567195	0.004220206131322289	2.35214424	134.80519104	1.61301631	0.7453299847725937	0.0132334	7e-05
0.1852	0.3282	-0.2027	-0.006499606134426883	0.006932447788921477	0.005049237526019596	0.93557239	53.61916351	0.91136806	0.21729089600347032	0.0126402	0.00011
0.194	0.4728	-0.194	-0.006916739825653527	0.007105235384868916	0.005530948399570031	0.90559691	51.90122223	0.88607293	0.21568160803622596	0.0105586	9e-05
0.1996	0.6671	-0.1909	-0.007887142889762375	0.00757472895365539	0.006049311187412347	1.06377375	60.96659088	0.94526192	0.3009129710368819	0.0119013	0.0001
0.2044	0.6064	-0.1687	-0.007501425125071628	0.0073844880651880085	0.006122615015996109	0.8193211	46.95661545	0.85414483	0.12016312408709444	0.0111666	8e-05
0.0449	0.9893	-0.14	-0.01584235362035253	0.006956882398449398	0.005799729104377157	2.37702203	136.23097229	1.68234398	1.0256710036819228	0.0400065	0.0229
0.1171	0.9177	-0.477	-0.014688690984784277	0.007051130178057092	0.0056653387519735934	1.95264387	111.90917206	1.49054119	0.5499150383789755	0.0346836	0.0093
0.1314	1.1441	-0.3844	-0.010728538912009143	0.00617148423505195	0.005963790054064624	1.59169579	91.22265625	1.26327573	0.5902124658935654	0.0444916	0.01833
0.1334	0.7948	-0.4076	-0.00956614963018092	0.0060580378336723174	0.005956808737056647	1.58447397	90.8087616	1.23392121	0.4386408500107916	0.0251682	0.00223
0.1416	0.2527	-0.4229	-0.008988445647770796	0.0063948863793072235	0.005518731094806069	2.09025311	119.79577637	1.4783793	0.6332315085147805	0.0220943	0.00166
0.1437	0.4436	-0.3777	-0.009327039522657695	0.006412339671827167	0.005508259119294104	1.04864001	60.09925461	0.9553406	0.2565259571459404	0.0157226	0.00034
0.1471	0.5676	-0.3294	-0.008698720991939739	0.005955063407804653	0.005274384999526864	0.91485292	52.43169785	0.89554653	0.24167344572538552	0.0127695	0.0001
0.156	0.6092	-0.3019	-0.008930849782454984	0.005892231554732856	0.005452408583230286	0.85140866	48.79560471	0.87329009	0.10164921136452316	0.0123611	0.00013
0.1593	0.7144	-0.3229	-0.009925687456091752	0.006412339671827167	0.0056374134839416844	0.93478471	53.57402039	0.89480084	0.21449753457212395	0.0150002	0.00011
0.1578	0.837	-0.3042	-0.009669124056048585	0.006253514709895682	0.005695009349257497	0.88751519	50.8649292	0.87712513	0.16644921136452315	0.0181282	0.00029
0.1633	0.771	-0.3206	-0.008761552845011535	0.0063669611112753145	0.005782275811857213	0.85610062	49.06451035	0.8665937	0.14331420375081985	0.0165869	0.00021
0.1587	0.9145	-0.282	-0.00857480261504814	0.006393141050055229	0.0060685098091842835	1.12252951	64.33397675	0.99297507	0.21165820830351892	0.0246015	0.00214
